testlist <- list(id = NULL, score = NULL, id = NULL, booklet_id = c(4097L,  0L, 0L, 711158895L, 1936017418L, 11157089L, 1852075109L, 690531008L,  167924549L, 1481667625L, -350159104L, 9744L, 791358251L, 1179010630L,  1179010630L, 1179003691L, 724249387L, 724249387L, 724249387L,  724249387L, 736829478L, 285212671L, -11862017L, -1L, -1L, -1L,  -11883777L, -640034343L, -640034343L, -1195853640L, -1195853640L,  -1195853640L, -1195853607L, -637534451L, 724249354L, 50266112L,  3099391L, 570425323L, -336912384L, 16777215L, -1L, -1L, -1L,  -1L, 1258233921L, 1252668928L, -2133206567L, -640034376L, -1195890760L,  -1207959552L, 0L, 218159530L, -640024577L, 65535L, -16758017L,  -1L, -1L, -1L, -1L, -1L, -1L, -1L, -1L, -1L, -1L, 16777216L,  3014656L, 16777215L, -203L, -1L, 1258290957L, 558516736L, 50298880L,  1179010630L, 1179010630L, 724249387L, 724249387L, 724249387L,  724249387L, 724249579L, 539365631L, -182L, -1430256897L, 554762169L,  -1183008511L, 0L, 4097L, 0L, 0L, 711158895L, 1936017418L, 11157089L,  1852075109L, 690531008L, 167924549L), item_score = c(-1L, NA,  -1L, -13238273L, -1L, -1L, -1L, -1L, -128L, 771751936L, 805240589L,  564798794L, -14595329L, -15663175L, -1179010561L, -15859713L,  -1L, -1L, -1L, -16121686L, 1051377666L, -15663175L, -1183008257L,  -15859713L, -1L, -1L, 167815742L, -1434451201L, 60395L, -336860181L,  -336912346L, 285212671L, -57078L, 11156994L, -16776981L, -336860373L,  724249414L, 1179010630L, 1179010630L, 1177234219L, 724249387L,  724249387L, 724249387L, 724249387L, -350214640L, -1L, -1L, 1258233921L,  -1L), person_id = c(167968767L, -65462L, 255L, 789184682L, 1051377666L,  -15663175L, -1183008511L, 0L, 4351L, 1683972975L, 1836085861L,  1936940898L, 1869966948L, 690512751L, 1853095935L, 65497L, -642139780L,  -1191116800L, 0L, 16711935L, -637596375L, 682278922L, 39011672L,  1349790187L, 553582592L, 2494511L, 724249414L, 1179010630L, 1179010630L,  1177234219L, 724249387L, 724249387L, 724249387L, 724249387L,  -350214640L, -1L, 1258291199L, -1L, -1L, -16121686L, 1051377666L,  -15663175L, -1182990357L, -1191092224L, 0L, 268500992L, 16759225L,  -1178992641L, 220932907L, 167968512L, 12106L, -14548993L, -336860384L,  60395L, -335605505L, -1179026247L, 16777216L, 16L, 16777216L,  536870912L, 0L, 0L, 16711935L, -15914197L, 729808896L, 16711680L,  1180097L, 1434451968L, 8453962L, -1L, -1L, -1L, 167815742L, -1430256897L,  285194681L, 2092499200L, 0L, -1441726465L, -1L, -46422L, -2500135L,  -640034343L, -642205512L, -1195853640L, -1196769278L))
result <- do.call(dexterMST:::mutate_booklet_score,testlist)
str(result)