testlist <- list(id = NULL, score = NULL, id = NULL, booklet_id = c(-13948160L,  15409152L, 8230L, 285212671L, -11894784L, 65280L, 4609L, -1051361280L,  32842L, 1246382666L, 1246382666L, 1246382666L, 1246382666L, 1246382666L,  1246382666L, 1246382666L, 1246382666L, 1246382666L, 1246382666L,  1246382666L, 1246382666L, -62175L, 1246363650L, 167815742L, -1426063361L,  -1073545456L, -4605511L, -1178992641L, 222972490L, 1246382666L,  1246382666L, 1246382666L, 1246382666L, 1246382666L, 1246382666L,  1246382666L, 1246382666L, 1258291199L, -1L, -16121686L, 1051377666L,  -15663175L, -1183008511L, -43520L, 0L, 268500992L, 16759225L,  -1178992822L, 1246382666L, 1246382666L, 1246382666L, 1246382666L,  1246382666L, 1246382666L, 1246382847L, -1L, -246L, 11157162L,  -1073545456L, -4605572L, -1191094784L, 0L, 268500992L, 16759073L,  -1430668871L, -62165L, 724240898L, -16777216L, 793444351L, -282984449L,  -336860384L, 65519L, -49494L, -1073545472L, 16777215L, -1L, -1315861L,  -21L, -1191116800L, 0L), item_score = c(-1195853640L, -1193682688L,  217L, 11157005L, 43712L, 46137343L, 724298528L, 185L, -1174405121L,  -4652545L, -51712L, -1048577L, 906035183L, -4097L, 3145727L,  60395L, -336909525L, 724256326L, 1179010630L, 1179010630L, 724249387L,  724249387L, 724249387L, 724249387L, 724249579L, 539365631L, -1L,  -1L, -1L, -1428563495L, -640034343L, -640034343L, -1L, -1L, -57014L,  -1439301504L, -640034343L, -640042824L, -1205356360L, -1195853640L,  -1195853640L, -1195845159L, 1208615082L, 1046572644L, 1818569000L,  -1430255102L, 1397053520L, 1948904224L, -16777216L, 638594859L,  724256326L, -1L, 805306114L, 2092559136L, -16777216L, 638594859L,  103492422L, 1179010630L, 1179010630L, 1177234219L, 724249387L,  724249387L, 724249387L, 724249387L, -350214640L, -1L, 1258291199L,  -1L, -1L, -16121686L, 1051377666L), person_id = c(-16056321L,  -1L, -268435650L, -1430256897L, 65535L, NA, -4605572L, -1191116800L,  0L, 285194681L, 2092499200L, 0L, 16711935L, 16777195L, -335606273L,  -335544341L, 1051361280L, 65472L, 117424130L, -15663175L, -1183008511L,  0L, 11145217L, 0L, 0L, 0L, -16121686L, 1051377666L, -15663175L,  -1179010561L, -15922688L, 2130641024L, 11152171L, 722076415L,  16042L, -1073725782L, -1073545472L, 28275L, -1073545456L, -4587743L,  -1174405363L, 724249354L, 50331647L, 906035183L, -51712L, -1105920L,  0L, 0L, 65280L, NA, -1051361280L, 16716031L, -1179026247L, -62208L,  65313L, 1258281433L, 0L, 0L, 128L, 0L, -2130724423L, 2092499296L,  0L, 1048832L, 65465L, -1179010561L))
result <- do.call(dexterMST:::mutate_booklet_score,testlist)
str(result)